5273950800591716|04|2020|944
5273950800592607|04|2020|944
5273950800590783|04|2020|944
5273950800596616|04|2020|944
5273950800593480|04|2020|944
5273950800596525|04|2020|944
5273950800596020|04|2020|944
5273950800595006|04|2020|944
5273950800596806|04|2020|944
5273950800598737|04|2020|944
5273950800593415|04|2020|944
5273950800592102|04|2020|944
5273950800598083|04|2020|944
5273950800590064|04|2020|944
5273950800597267|04|2020|944
5273950800597168|04|2020|944
5273950800590288|04|2020|944
5273950800590007|04|2020|944
5273950800596434|04|2020|944
5273950800591740|04|2020|944
5273950800597531|04|2020|944
5273950800597325|04|2020|944
5273950800598448|04|2020|944
5273950800594785|04|2020|944
5273950800592144|04|2020|944
5273950800595311|04|2020|944
5273950800590130|04|2020|944
5273950800597044|04|2020|944
5273950800592748|04|2020|944
5273950800598513|04|2020|944
5273950800594751|04|2020|944
5273950800596855|04|2020|944
5273950800594413|04|2020|944
5273950800591740|04|2020|944
5273950800596574|04|2020|944
5273950800595501|04|2020|944
5273950800595261|04|2020|944
5273950800590304|04|2020|944
5273950800595071|04|2020|944
5273950800593118|04|2020|944
5273950800598372|04|2020|944
5273950800597853|04|2020|944
5273950800595683|04|2020|944
5273950800593746|04|2020|944
5273950800594421|04|2020|944
5273950800591336|04|2020|944
5273950800593233|04|2020|944
5273950800595543|04|2020|944
5273950800593886|04|2020|944
5273950800590577|04|2020|944
5273950800592672|04|2020|944
5273950800596541|04|2020|944
5273950800593126|04|2020|944
5273950800591708|04|2020|944
5273950800596285|04|2020|944
5273950800596566|04|2020|944
5273950800591641|04|2020|944
5273950800591880|04|2020|944
5273950800590874|04|2020|944
5273950800596723|04|2020|944
5273950800598273|04|2020|944
5273950800597861|04|2020|944
5273950800598380|04|2020|944
5273950800590528|04|2020|944
5273950800595238|04|2020|944
5273950800597168|04|2020|944
5273950800592011|04|2020|944
5273950800591302|04|2020|944
5273950800592581|04|2020|944
5273950800598885|04|2020|944
5273950800598208|04|2020|944
5273950800596616|04|2020|944
5273950800593852|04|2020|944
5273950800595162|04|2020|944
5273950800594066|04|2020|944
5273950800596053|04|2020|944
5273950800592425|04|2020|944
5273950800592755|04|2020|944
5273950800590353|04|2020|944
5273950800590486|04|2020|944
5273950800594637|04|2020|944
5273950800597200|04|2020|944
5273950800598612|04|2020|944
5273950800593225|04|2020|944
5273950800595360|04|2020|944
5273950800590023|04|2020|944
5273950800597077|04|2020|944
5273950800595204|04|2020|944
5273950800596566|04|2020|944
5273950800598828|04|2020|944
5273950800593845|04|2020|944
5273950800593282|04|2020|944
5273950800598703|04|2020|944
5273950800596558|04|2020|944
5273950800591443|04|2020|944
5273950800597473|04|2020|944
5273950800595428|04|2020|944
5273950800598265|04|2020|944
5273950800592417|04|2020|944
5273950800592110|04|2020|944
5273950800591146|04|2020|944
5273950800596558|04|2020|944
5273950800595071|04|2020|944
5273950800598448|04|2020|944
5273950800598042|04|2020|944
5273950800598547|04|2020|944
5273950800597317|04|2020|944
5273950800595766|04|2020|944
5273950800590023|04|2020|944
5273950800594876|04|2020|944
5273950800590825|04|2020|944
5273950800593183|04|2020|944
5273950800593647|04|2020|944
5273950800594504|04|2020|944
5273950800597044|04|2020|944
5273950800595436|04|2020|944
5273950800597440|04|2020|944
5273950800591062|04|2020|944
5273950800593175|04|2020|944
5273950800592078|04|2020|944
5273950800594074|04|2020|944
5273950800592235|04|2020|944
5273950800592565|04|2020|944
5273950800590551|04|2020|944
5273950800594827|04|2020|944
5273950800593100|04|2020|944
5273950800596871|04|2020|944
5273950800594850|04|2020|944
5273950800598380|04|2020|944
5273950800592367|04|2020|944
5273950800593217|04|2020|944
5273950800597036|04|2020|944
5273950800591401|04|2020|944
5273950800592383|04|2020|944
5273950800590445|04|2020|944
5273950800592680|04|2020|944
5273950800597143|04|2020|944
5273950800594884|04|2020|944
5273950800594488|04|2020|944
5273950800591237|04|2020|944
5273950800591344|04|2020|944
5273950800590247|04|2020|944
5273950800597002|04|2020|944
5273950800592201|04|2020|944
5273950800590445|04|2020|944
5273950800594710|04|2020|944
5273950800593332|04|2020|944
5273950800593225|04|2020|944
5273950800595485|04|2020|944
5273950800590700|04|2020|944
5273950800596558|04|2020|944
5273950800597523|04|2020|944
5273950800595527|04|2020|944
5273950800593852|04|2020|944
5273950800591880|04|2020|944
5273950800598158|04|2020|944
5273950800598570|04|2020|944
5273950800596202|04|2020|944
5273950800590064|04|2020|944
5273950800594447|04|2020|944
5273950800592417|04|2020|944
5273950800594264|04|2020|944
5273950800597515|04|2020|944
5273950800593852|04|2020|944
5273950800594074|04|2020|944
5273950800590874|04|2020|944
5273950800590064|04|2020|944
5273950800597481|04|2020|944
5273950800591880|04|2020|944
5273950800595626|04|2020|944
5273950800592250|04|2020|944
5273950800597531|04|2020|944
5273950800596517|04|2020|944
5273950800595683|04|2020|944
5273950800594058|04|2020|944
5273950800593837|04|2020|944
5273950800590585|04|2020|944
5273950800593456|04|2020|944
5273950800594777|04|2020|944
5273950800591252|04|2020|944
5273950800593670|04|2020|944
5273950800593803|04|2020|944
5273950800594314|04|2020|944
5273950800591476|04|2020|944
5273950800591351|04|2020|944
5273950800592318|04|2020|944
5273950800592326|04|2020|944
5273950800596004|04|2020|944
5273950800594181|04|2020|944
5273950800594561|04|2020|944
5273950800595345|04|2020|944
5273950800595204|04|2020|944
5273950800594470|04|2020|944
5273950800590676|04|2020|944
5273950800596616|04|2020|944
5273950800591740|04|2020|944
5273950800596855|04|2020|944
5273950800596251|04|2020|944
5273950800592367|04|2020|944
5273950800597853|04|2020|944
5273950800590387|04|2020|944
5273950800594744|04|2020|944
5273950800597028|04|2020|944
5273950800590650|04|2020|944
5273950800598182|04|2020|944
5273950800595261|04|2020|944
5273950800595576|04|2020|944
5273950800598851|04|2020|944
5273950800592383|04|2020|944
5273950800594306|04|2020|944
5273950800592383|04|2020|944
5273950800590437|04|2020|944
5273950800592482|04|2020|944
5273950800598067|04|2020|944
5273950800591062|04|2020|944
5273950800593233|04|2020|944
5273950800594660|04|2020|944
5273950800594231|04|2020|944
5273950800595162|04|2020|944
5273950800593100|04|2020|944
5273950800597382|04|2020|944
5273950800598711|04|2020|944
5273950800590288|04|2020|944
5273950800595634|04|2020|944
5273950800594645|04|2020|944
5273950800591401|04|2020|944
5273950800596038|04|2020|944
5273950800593381|04|2020|944
5273950800590320|04|2020|944
5273950800595485|04|2020|944
5273950800596061|04|2020|944
5273950800594504|04|2020|944
5273950800593035|04|2020|944
5273950800590700|04|2020|944
5273950800592565|04|2020|944
5273950800592037|04|2020|944
5273950800590536|04|2020|944
5273950800593241|04|2020|944
5273950800596376|04|2020|944
5273950800597580|04|2020|944
5273950800598083|04|2020|944
5273950800594348|04|2020|944
5273950800596426|04|2020|944
5273950800595725|04|2020|944
5273950800594330|04|2020|944
5273950800597655|04|2020|944
5273950800595303|04|2020|944
5273950800592201|04|2020|944
5273950800597267|04|2020|944
5273950800597085|04|2020|944
5273950800598521|04|2020|944
5273950800598745|04|2020|944
5273950800595600|04|2020|944
5273950800595436|04|2020|944
5273950800597432|04|2020|944
5273950800592656|04|2020|944
5273950800592284|04|2020|944
5273950800591807|04|2020|944
5273950800595444|04|2020|944
5273950800592151|04|2020|944
5273950800595618|04|2020|944
5273950800597721|04|2020|944
5273950800590858|04|2020|944
5273950800591104|04|2020|944
5273950800593761|04|2020|944
5273950800590825|04|2020|944
5273950800591260|04|2020|944
5273950800598752|04|2020|944
5273950800597747|04|2020|944
5273950800591336|04|2020|944
5273950800597341|04|2020|944
5273950800593407|04|2020|944
5273950800591815|04|2020|944
5273950800595451|04|2020|944
5273950800596285|04|2020|944
5273950800593852|04|2020|944
5273950800595253|04|2020|944
5273950800597028|04|2020|944
5273950800598430|04|2020|944
5273950800594413|04|2020|944
5273950800591070|04|2020|944
5273950800590783|04|2020|944
5273950800594108|04|2020|944
5273950800597465|04|2020|944
5273950800591138|04|2020|944
5273950800592557|04|2020|944
5273950800594520|04|2020|944
5273950800591252|04|2020|944
5273950800598331|04|2020|944
5273950800596467|04|2020|944
5273950800590411|04|2020|944
5273950800594785|04|2020|944
5273950800596178|04|2020|944
5273950800591658|04|2020|944
5273950800598703|04|2020|944
5273950800590718|04|2020|944
5273950800590163|04|2020|944
5273950800594058|04|2020|944
5273950800590668|04|2020|944
5273950800591674|04|2020|944
5273950800598653|04|2020|944
5273950800591286|04|2020|944
5273950800593837|04|2020|944
5273950800594371|04|2020|944
5273950800590718|04|2020|944
5273950800596533|04|2020|944
5273950800592623|04|2020|944
5273950800594074|04|2020|944
5273950800596731|04|2020|944
5273950800591823|04|2020|944
5273950800597283|04|2020|944
5273950800597655|04|2020|944
5273950800595824|04|2020|944
5273950800592631|04|2020|944
5273950800596533|04|2020|944
5273950800596525|04|2020|944
5273950800598687|04|2020|944
5273950800591815|04|2020|944
5273950800598646|04|2020|944
5273950800592557|04|2020|944
5273950800593811|04|2020|944
5273950800595832|04|2020|944
5273950800591468|04|2020|944
5273950800595055|04|2020|944
5273950800593258|04|2020|944
5273950800595071|04|2020|944
5273950800591534|04|2020|944
5273950800596236|04|2020|944
5273950800597432|04|2020|944
5273950800597358|04|2020|944
5273950800598075|04|2020|944
5273950800594173|04|2020|944
5273950800595683|04|2020|944
5273950800594207|04|2020|944
5273950800595063|04|2020|944
5273950800598414|04|2020|944
5273950800598745|04|2020|944
5273950800592102|04|2020|944
5273950800597846|04|2020|944
5273950800596236|04|2020|944
5273950800595816|04|2020|944
5273950800590833|04|2020|944
5273950800592417|04|2020|944
5273950800591633|04|2020|944
5273950800590221|04|2020|944
5273950800591385|04|2020|944
5273950800590304|04|2020|944
5273950800595154|04|2020|944
5273950800594637|04|2020|944
5273950800592870|04|2020|944
5273950800597804|04|2020|944
5273950800594017|04|2020|944
5273950800598810|04|2020|944
5273950800593878|04|2020|944
5273950800595477|04|2020|944
5273950800591377|04|2020|944
5273950800590023|04|2020|944
5273950800594025|04|2020|944
5273950800595360|04|2020|944
5273950800592128|04|2020|944
5273950800591286|04|2020|944
5273950800595436|04|2020|944
5273950800597721|04|2020|944
5273950800595618|04|2020|944
5273950800590460|04|2020|944
5273950800595345|04|2020|944
5273950800596442|04|2020|944
5273950800592284|04|2020|944
5273950800595220|04|2020|944
5273950800597044|04|2020|944
5273950800593431|04|2020|944
5273950800597887|04|2020|944
5273950800595162|04|2020|944
5273950800595865|04|2020|944
5273950800593753|04|2020|944
5273950800598836|04|2020|944
5273950800598612|04|2020|944
5273950800594447|04|2020|944
5273950800593027|04|2020|944
5273950800597515|04|2020|944
5273950800593555|04|2020|944
5273950800593183|04|2020|944
5273950800597176|04|2020|944
5273950800596848|04|2020|944
5273950800591476|04|2020|944
5273950800598224|04|2020|944
5273950800590510|04|2020|944
5273950800597440|04|2020|944
5273950800593613|04|2020|944
5273950800590866|04|2020|944
5273950800597861|04|2020|944
5273950800591807|04|2020|944
5273950800593563|04|2020|944
5273950800590478|04|2020|944
5273950800591773|04|2020|944
5273950800592177|04|2020|944
5273950800590106|04|2020|944
5273950800598158|04|2020|944
5273950800596806|04|2020|944
5273950800592284|04|2020|944
5273950800590536|04|2020|944
5273950800595261|04|2020|944
5273950800595733|04|2020|944
5273950800595428|04|2020|944
5273950800595287|04|2020|944
5273950800597044|04|2020|944
5273950800592441|04|2020|944
5273950800591674|04|2020|944
5273950800593720|04|2020|944
5273950800597358|04|2020|944
5273950800593548|04|2020|944
5273950800594272|04|2020|944
5273950800592847|04|2020|944
5273950800590841|04|2020|944
5273950800592714|04|2020|944
5273950800593522|04|2020|944
5273950800598711|04|2020|944
5273950800596236|04|2020|944
5273950800594736|04|2020|944
5273950800593118|04|2020|944
5273950800594827|04|2020|944
5273950800592011|04|2020|944
5273950800594744|04|2020|944
5273950800591583|04|2020|944
5273950800592136|04|2020|944
5273950800593035|04|2020|944
5273950800593456|04|2020|944
5273950800591245|04|2020|944
5273950800590700|04|2020|944
5273950800591658|04|2020|944
5273950800591484|04|2020|944
5273950800597663|04|2020|944
5273950800596558|04|2020|944
5273950800590676|04|2020|944
5273950800598273|04|2020|944
5273950800597820|04|2020|944
5273950800595600|04|2020|944
5273950800594876|04|2020|944
5273950800595824|04|2020|944
5273950800593704|04|2020|944
5273950800593464|04|2020|944
5273950800590304|04|2020|944
5273950800594702|04|2020|944
5273950800592532|04|2020|944
5273950800594678|04|2020|944
5273950800596020|04|2020|944
5273950800596582|04|2020|944
5273950800592284|04|2020|944
5273950800594488|04|2020|944
5273950800598406|04|2020|944
5273950800597614|04|2020|944
5273950800596517|04|2020|944
5273950800594561|04|2020|944
5273950800597135|04|2020|944
5273950800594546|04|2020|944
5273950800596657|04|2020|944
5273950800595261|04|2020|944
5273950800595170|04|2020|944
5273950800598505|04|2020|944
5273950800594884|04|2020|944
5273950800592516|04|2020|944
5273950800591377|04|2020|944
5273950800593282|04|2020|944
5273950800596822|04|2020|944
5273950800594884|04|2020|944
5273950800595725|04|2020|944
5273950800598687|04|2020|944
5273950800595428|04|2020|944
5273950800591104|04|2020|944
5273950800595501|04|2020|944
5273950800596814|04|2020|944
5273950800591500|04|2020|944
5273950800590064|04|2020|944
5273950800594660|04|2020|944
5273950800593217|04|2020|944
5273950800592524|04|2020|944
5273950800591187|04|2020|944
5273950800595576|04|2020|944
5273950800595014|04|2020|944
5273950800591666|04|2020|944
5273950800597333|04|2020|944
5273950800592284|04|2020|944
5273950800594462|04|2020|944
5273950800593464|04|2020|944
5273950800596533|04|2020|944
5273950800593266|04|2020|944
5273950800594736|04|2020|944
5273950800598034|04|2020|944
5273950800594652|04|2020|944
5273950800591856|04|2020|944
5273950800596004|04|2020|944
5273950800595782|04|2020|944
5273950800598638|04|2020|944
5273950800592250|04|2020|944
5273950800595840|04|2020|944
5273950800598851|04|2020|944
5273950800590742|04|2020|944
5273950800592557|04|2020|944
5273950800597846|04|2020|944
5273950800590007|04|2020|944
5273950800590676|04|2020|944
5273950800595220|04|2020|944
5273950800598844|04|2020|944
5273950800591286|04|2020|944
5273950800590817|04|2020|944
5273950800590312|04|2020|944
5273950800594520|04|2020|944
5273950800593183|04|2020|944
5273950800598612|04|2020|944
5273950800591633|04|2020|944
5273950800592466|04|2020|944
5273950800592086|04|2020|944
5273950800591567|04|2020|944
5273950800598158|04|2020|944
5273950800594637|04|2020|944
5273950800593704|04|2020|944
5273950800597838|04|2020|944
5273950800595782|04|2020|944
5273950800591047|04|2020|944
5273950800590536|04|2020|944
5273950800592144|04|2020|944
5273950800598018|04|2020|944
5273950800597812|04|2020|944
5273950800593803|04|2020|944
5273950800593316|04|2020|944
5273950800593126|04|2020|944
5273950800590858|04|2020|944
5273950800593654|04|2020|944
5273950800598323|04|2020|944
5273950800597721|04|2020|944
5273950800593076|04|2020|944
5273950800591534|04|2020|944
5273950800598836|04|2020|944
5273950800590858|04|2020|944
5273950800596822|04|2020|944
5273950800591666|04|2020|944
5273950800594322|04|2020|944
5273950800595527|04|2020|944
5273950800590585|04|2020|944
5273950800591344|04|2020|944
5273950800595204|04|2020|944
5273950800590080|04|2020|944
5273950800595444|04|2020|944
5273950800597564|04|2020|944
5273950800597150|04|2020|944
5273950800595444|04|2020|944
5273950800591120|04|2020|944
5273950800593423|04|2020|944
5273950800595626|04|2020|944
5273950800597473|04|2020|944
5273950800590874|04|2020|944
5273950800598141|04|2020|944
5273950800594744|04|2020|944
5273950800594371|04|2020|944
5273950800591856|04|2020|944
5273950800596681|04|2020|944
5273950800598380|04|2020|944
5273950800597812|04|2020|944
5273950800596301|04|2020|944
5273950800591237|04|2020|944
5273950800590858|04|2020|944
5273950800598257|04|2020|944
5273950800594421|04|2020|944
5273950800590734|04|2020|944
5273950800596327|04|2020|944
5273950800593563|04|2020|944
5273950800597507|04|2020|944
5273950800591740|04|2020|944
5273950800593670|04|2020|944
5273950800592466|04|2020|944
5273950800597283|04|2020|944
5273950800597838|04|2020|944
5273950800592284|04|2020|944
5273950800592656|04|2020|944
5273950800598414|04|2020|944
5273950800590635|04|2020|944
5273950800590270|04|2020|944
5273950800595741|04|2020|944
5273950800592474|04|2020|944
5273950800596145|04|2020|944
5273950800592862|04|2020|944
5273950800593613|04|2020|944
5273950800593431|04|2020|944
5273950800593886|04|2020|944
5273950800593266|04|2020|944
5273950800593175|04|2020|944
5273950800598448|04|2020|944
5273950800598703|04|2020|944
5273950800595238|04|2020|944
5273950800590676|04|2020|944
5273950800594231|04|2020|944
5273950800591625|04|2020|944
5273950800591773|04|2020|944
5273950800594736|04|2020|944
5273950800590130|04|2020|944
5273950800593332|04|2020|944
5273950800596368|04|2020|944
5273950800596764|04|2020|944
5273950800596442|04|2020|944
5273950800591724|04|2020|944
5273950800592268|04|2020|944
5273950800594660|04|2020|944
5273950800596418|04|2020|944
5273950800595634|04|2020|944
5273950800590650|04|2020|944
5273950800595873|04|2020|944
5273950800596855|04|2020|944
5273950800595501|04|2020|944
5273950800597754|04|2020|944
5273950800596087|04|2020|944
5273950800598125|04|2020|944
5273950800590445|04|2020|944
5273950800596236|04|2020|944
5273950800592011|04|2020|944
5273950800593837|04|2020|944
5273950800591310|04|2020|944
5273950800597283|04|2020|944
5273950800596426|04|2020|944
5273950800598588|04|2020|944
5273950800591773|04|2020|944
5273950800592375|04|2020|944
5273950800593738|04|2020|944
5273950800593563|04|2020|944
5273950800593167|04|2020|944
5273950800597747|04|2020|944
5273950800596848|04|2020|944
5273950800590858|04|2020|944
5273950800592326|04|2020|944
5273950800596111|04|2020|944
5273950800596640|04|2020|944
5273950800591088|04|2020|944
5273950800594702|04|2020|944
5273950800594843|04|2020|944
5273950800597143|04|2020|944
5273950800591252|04|2020|944
5273950800591104|04|2020|944
5273950800591302|04|2020|944
5273950800598208|04|2020|944
5273950800595477|04|2020|944
5273950800596855|04|2020|944
5273950800591617|04|2020|944
5273950800592821|04|2020|944
5273950800594884|04|2020|944
5273950800593134|04|2020|944
5273950800593373|04|2020|944
5273950800594645|04|2020|944
5273950800596111|04|2020|944
5273950800591815|04|2020|944
5273950800594587|04|2020|944
5273950800598711|04|2020|944
5273950800593340|04|2020|944
5273950800592185|04|2020|944
5273950800597176|04|2020|944
5273950800597606|04|2020|944
5273950800590783|04|2020|944
5273950800595501|04|2020|944
5273950800597226|04|2020|944
5273950800590072|04|2020|944
5273950800593555|04|2020|944
5273950800592144|04|2020|944
5273950800596764|04|2020|944
5273950800596582|04|2020|944
5273950800596467|04|2020|944
5273950800595410|04|2020|944
5273950800592458|04|2020|944
5273950800590841|04|2020|944
5273950800591377|04|2020|944
5273950800594736|04|2020|944
5273950800592771|04|2020|944
5273950800590767|04|2020|944
5273950800597341|04|2020|944
5273950800596061|04|2020|944
5273950800590247|04|2020|944
5273950800595873|04|2020|944
5273950800593431|04|2020|944
5273950800597085|04|2020|944
5273950800592540|04|2020|944
5273950800594363|04|2020|944
5273950800592110|04|2020|944
5273950800591740|04|2020|944
5273950800590148|04|2020|944
5273950800596202|04|2020|944
5273950800590205|04|2020|944
5273950800590833|04|2020|944
5273950800590668|04|2020|944
5273950800598521|04|2020|944
5273950800590072|04|2020|944
5273950800596657|04|2020|944
5273950800594561|04|2020|944
5273950800598141|04|2020|944
5273950800597671|04|2020|944
5273950800597622|04|2020|944
5273950800595733|04|2020|944
5273950800598448|04|2020|944
5273950800592524|04|2020|944
5273950800593381|04|2020|944
5273950800593225|04|2020|944
5273950800590726|04|2020|944
5273950800590460|04|2020|944
5273950800597648|04|2020|944
5273950800593126|04|2020|944
5273950800596400|04|2020|944
5273950800596558|04|2020|944
5273950800595303|04|2020|944
5273950800591765|04|2020|944
5273950800596012|04|2020|944
5273950800594165|04|2020|944
5273950800593134|04|2020|944
5273950800597523|04|2020|944
5273950800593738|04|2020|944
5273950800596202|04|2020|944
5273950800594223|04|2020|944
5273950800590742|04|2020|944
5273950800590122|04|2020|944
5273950800592177|04|2020|944
5273950800590643|04|2020|944
5273950800595147|04|2020|944
5273950800598000|04|2020|944
5273950800591773|04|2020|944
5273950800590304|04|2020|944
5273950800597457|04|2020|944
5273950800590601|04|2020|944
5273950800591245|04|2020|944
5273950800593746|04|2020|944
5273950800593175|04|2020|944
5273950800592276|04|2020|944
5273950800597283|04|2020|944
5273950800598554|04|2020|944
5273950800597242|04|2020|944
5273950800596673|04|2020|944
5273950800594835|04|2020|944
5273950800594017|04|2020|944
5273950800590122|04|2020|944
5273950800592326|04|2020|944
5273950800594462|04|2020|944
5273950800596764|04|2020|944
5273950800595543|04|2020|944
5273950800596004|04|2020|944
5273950800591104|04|2020|944
5273950800597515|04|2020|944
5273950800595030|04|2020|944
5273950800590221|04|2020|944
5273950800594116|04|2020|944
5273950800598083|04|2020|944
5273950800590023|04|2020|944
5273950800591153|04|2020|944
5273950800590007|04|2020|944
5273950800598067|04|2020|944
5273950800591377|04|2020|944
5273950800597572|04|2020|944
5273950800598265|04|2020|944
5273950800591377|04|2020|944
5273950800598844|04|2020|944
5273950800593738|04|2020|944
5273950800593324|04|2020|944
5273950800596566|04|2020|944
5273950800595725|04|2020|944
5273950800597465|04|2020|944
5273950800598513|04|2020|944
5273950800590130|04|2020|944
5273950800596756|04|2020|944
5273950800591377|04|2020|944
5273950800590577|04|2020|944
5273950800592326|04|2020|944
5273950800592540|04|2020|944
5273950800598232|04|2020|944
5273950800595774|04|2020|944
5273950800598281|04|2020|944
5273950800591054|04|2020|944
5273950800590874|04|2020|944
5273950800590742|04|2020|944
5273950800594686|04|2020|944
5273950800591542|04|2020|944
5273950800591500|04|2020|944
5273950800591435|04|2020|944
5273950800593803|04|2020|944
5273950800593761|04|2020|944
5273950800595352|04|2020|944
5273950800598448|04|2020|944
5273950800590734|04|2020|944
5273950800590486|04|2020|944
5273950800590304|04|2020|944
5273950800595055|04|2020|944
5273950800593340|04|2020|944
5273950800593423|04|2020|944
5273950800593365|04|2020|944
5273950800590734|04|2020|944
5273950800596863|04|2020|944
5273950800598612|04|2020|944
5273950800590718|04|2020|944
5273950800593506|04|2020|944
5273950800597366|04|2020|944
5273950800594215|04|2020|944
5273950800591252|04|2020|944
5273950800594751|04|2020|944
5273950800597242|04|2020|944
5273950800591112|04|2020|944
5273950800592110|04|2020|944
5273950800596517|04|2020|944
5273950800594850|04|2020|944
5273950800594363|04|2020|944
5273950800591328|04|2020|944
5273950800596202|04|2020|944
5273950800596061|04|2020|944
5273950800593472|04|2020|944
5273950800592755|04|2020|944
5273950800598521|04|2020|944
5273950800592607|04|2020|944
5273950800594207|04|2020|944
5273950800592318|04|2020|944
5273950800598422|04|2020|944
5273950800592383|04|2020|944
5273950800598240|04|2020|944
5273950800590775|04|2020|944
5273950800596020|04|2020|944
5273950800595253|04|2020|944
5273950800596434|04|2020|944
5273950800596251|04|2020|944
5273950800595634|04|2020|944
5273950800591344|04|2020|944
5273950800595808|04|2020|944
5273950800592862|04|2020|944
5273950800591500|04|2020|944
5273950800595287|04|2020|944
5273950800595527|04|2020|944
5273950800594512|04|2020|944
5273950800593852|04|2020|944
5273950800593415|04|2020|944
5273950800596301|04|2020|944
5273950800592706|04|2020|944
5273950800597028|04|2020|944
5273950800596681|04|2020|944
5273950800593381|04|2020|944
5273950800591641|04|2020|944
5273950800592714|04|2020|944
5273950800596087|04|2020|944
5273950800595030|04|2020|944
5273950800596301|04|2020|944
5273950800592656|04|2020|944
5273950800597077|04|2020|944
5273950800593647|04|2020|944
5273950800598257|04|2020|944
5273950800598612|04|2020|944
5273950800598133|04|2020|944
5273950800593050|04|2020|944
5273950800591732|04|2020|944
5273950800592557|04|2020|944
5273950800594058|04|2020|944
5273950800595550|04|2020|944
5273950800595428|04|2020|944
5273950800597556|04|2020|944
5273950800593571|04|2020|944
5273950800596327|04|2020|944
5273950800591641|04|2020|944
5273950800596772|04|2020|944
5273950800595824|04|2020|944
5273950800594140|04|2020|944
5273950800590361|04|2020|944
5273950800596723|04|2020|944
5273950800596210|04|2020|944
5273950800593233|04|2020|944
5273950800591781|04|2020|944
5273950800593563|04|2020|944
5273950800595170|04|2020|944
5273950800593456|04|2020|944
5273950800597077|04|2020|944
5273950800597408|04|2020|944
5273950800594462|04|2020|944
5273950800598174|04|2020|944
5273950800595006|04|2020|944
5273950800596848|04|2020|944
5273950800593100|04|2020|944
5273950800597036|04|2020|944
5273950800590486|04|2020|944
5273950800594322|04|2020|944
5273950800590577|04|2020|944
5273950800593001|04|2020|944
5273950800592375|04|2020|944
5273950800592110|04|2020|944
5273950800594033|04|2020|944
5273950800592201|04|2020|944
5273950800597564|04|2020|944
5273950800595345|04|2020|944
5273950800592144|04|2020|944
5273950800593027|04|2020|944
5273950800597655|04|2020|944
5273950800591468|04|2020|944
5273950800595444|04|2020|944
5273950800592748|04|2020|944
5273950800596335|04|2020|944
5273950800590726|04|2020|944
5273950800593464|04|2020|944
5273950800590338|04|2020|944
5273950800596863|04|2020|944
5273950800594850|04|2020|944
5273950800594066|04|2020|944
5273950800590130|04|2020|944
5273950800594611|04|2020|944
5273950800598075|04|2020|944
5273950800596046|04|2020|944
5273950800592847|04|2020|944
5273950800592524|04|2020|944
5273950800597663|04|2020|944
5273950800592565|04|2020|944
5273950800595832|04|2020|944
5273950800592300|04|2020|944
5273950800597085|04|2020|944
5273950800592060|04|2020|944
5273950800597564|04|2020|944
5273950800591286|04|2020|944
5273950800591427|04|2020|944
5273950800591658|04|2020|944
5273950800590668|04|2020|944
5273950800591187|04|2020|944
5273950800598133|04|2020|944
5273950800591476|04|2020|944
5273950800593506|04|2020|944
5273950800598141|04|2020|944
5273950800592342|04|2020|944
5273950800590346|04|2020|944
5273950800593613|04|2020|944
5273950800596871|04|2020|944
5273950800592771|04|2020|944
5273950800592102|04|2020|944
5273950800591625|04|2020|944
5273950800598117|04|2020|944
5273950800597275|04|2020|944
5273950800594652|04|2020|944
5273950800594223|04|2020|944
5273950800598265|04|2020|944
5273950800591187|04|2020|944
5273950800591245|04|2020|944
5273950800597283|04|2020|944
5273950800593522|04|2020|944
5273950800594181|04|2020|944
5273950800591401|04|2020|944
5273950800598547|04|2020|944
5273950800593381|04|2020|944
5273950800591641|04|2020|944
5273950800592730|04|2020|944
5273950800597721|04|2020|944
5273950800596004|04|2020|944
5273950800595683|04|2020|944
5273950800592417|04|2020|944
5273950800596657|04|2020|944
5273950800592813|04|2020|944
5273950800594736|04|2020|944
5273950800591617|04|2020|944
5273950800591872|04|2020|944
5273950800598612|04|2020|944
5273950800598125|04|2020|944
5273950800591732|04|2020|944
5273950800593217|04|2020|944
5273950800597283|04|2020|944
5273950800593563|04|2020|944
5273950800592888|04|2020|944
5273950800593720|04|2020|944
5273950800591385|04|2020|944
5273950800596160|04|2020|944
5273950800596533|04|2020|944
5273950800597366|04|2020|944
5273950800594652|04|2020|944
5273950800593076|04|2020|944
5273950800594041|04|2020|944
5273950800596301|04|2020|944
5273950800593787|04|2020|944
5273950800593027|04|2020|944
5273950800593456|04|2020|944
5273950800591286|04|2020|944
5273950800596707|04|2020|944
5273950800598232|04|2020|944
5273950800597853|04|2020|944
5273950800594520|04|2020|944
5273950800595857|04|2020|944
5273950800591401|04|2020|944
5273950800594082|04|2020|944
5273950800596442|04|2020|944
5273950800593506|04|2020|944
5273950800594033|04|2020|944
5273950800595360|04|2020|944
5273950800595030|04|2020|944
5273950800592482|04|2020|944
5273950800595485|04|2020|944
5273950800597143|04|2020|944
5273950800590015|04|2020|944
5273950800591823|04|2020|944
5273950800590262|04|2020|944
5273950800594751|04|2020|944
5273950800597143|04|2020|944
5273950800595162|04|2020|944
5273950800597382|04|2020|944
5273950800595030|04|2020|944
5273950800595402|04|2020|944
5273950800590007|04|2020|944
5273950800594447|04|2020|944
5273950800596111|04|2020|944
5273950800593738|04|2020|944
5273950800590262|04|2020|944
5273950800592060|04|2020|944
5273950800591427|04|2020|944
